4294967278,24
4294967278,28
4294967278,27
4294967278,26
4294967278,25
4294967278,373
4294967279,531
4294967278,461
4294967279,326
4294967278,185
4294967279,325
4294967278,184
4294967279,184
4294967278,183
4294967278,32
4294967278,31
4294967278,30
4294967278,29
4294967279,364
4294967278,42
4294967278,41
4294967278,40
4294967278,39
4294967278,38
4294967278,37
4294967278,36
4294967278,35
4294967278,34
4294967278,33
4294967278,182
4294967279,182
4294967278,181
4294967279,300
4294967279,180
4294967278,179
4294967279,179
4294967279,342
4294967278,177
4294967279,177
4294967278,176
4294967279,176
4294967278,175
4294967279,175
4294967278,304
4294967279,173
4294967278,472
4294967279,172
4294967278,171
4294967278,50
4294967278,49
4294967278,48
4294967278,47
4294967278,46
4294967278,45
4294967278,44
4294967278,43
4294967278,329
4294967279,331
4294967278,169
4294967279,169
4294967278,168
4294967279,168
4294967278,167
4294967279,167
4294967278,350
4294967279,166
4294967279,347
4294967278,165
4294967278,164
4294967279,164
4294967278,61
4294967278,60
4294967278,59
4294967278,58
4294967278,57
4294967278,56
4294967278,55
4294967278,54
4294967278,53
4294967278,52
4294967278,483
4294967278,51
4294967279,85
4294967279,83
4294967279,81
4294967279,80
4294967279,79
4294967279,78
4294967279,77
4294967279,76
4294967279,75
4294967279,74
4294967279,72
4294967279,71
4294967279,69
4294967279,68
4294967279,66
4294967279,65
4294967279,63
4294967279,60
4294967279,56
4294967279,54
4294967279,53
4294967279,52
4294967279,49
4294967279,42
4294967279,41
4294967279,37
4294967279,35
4294967279,31
4294967279,29
4294967279,27
4294967279,26
4294967279,22
4294967279,21
4294967279,19
4294967279,15
4294967279,14
4294967279,12
4294967279,10
4294967279,51
4294967279,528
4294967279,162
4294967279,161
4294967279,292
4294967294,436
4294967279,39
4294967279,518
4294967279,260
4294967279,363
4294967279,47
4294967279,516
4294967279,157
4294967279,155
4294967279,527
4294967279,154
4294967279,153
4294967279,150
4294967279,152
326,5
326,4
4294967279,151
326,3
326,2
326,1
4294967279,149
4294967279,148
4294967279,147
4294967279,146
4294967279,289
4294967279,33
4294967279,559
4294967279,288
4294967279,142
4294967279,141
4294967279,362
4294967279,30
4294967279,140
4294967279,139
4294967279,136
4294967279,138
324,5
324,4
4294967279,272
324,3
324,2
324,1
4294967279,361
4294967279,135
4294967279,134
4294967279,133
4294967279,271
4294967279,270
4294967279,360
4294967279,20
4294967278,491
4294967279,282
322,6
4294967279,16
4294967279,277
4294967279,17
4294967279,329
4294967279,336
322,5
4294967279,265
4294967279,264
322,4
322,3
322,2
322,1
4294967279,263
4294967279,262
4294967294,909
4294967294,188
4294967294,899
4294967294,163
4294967279,261
4294967279,359
4294967279,275
321,5
4294967294,386
4294967294,387
4294967279,257
321,4
4294967279,256
321,3
321,2
321,1
4294967279,558
4294967279,255
4294967294,392
4294967294,115
4294967279,358
4294967278,279
4294967278,363
4294967278,275
4294967278,266
4294967294,89
4294967278,318
320,4
4294967278,382
320,3
320,2
320,1
4294967278,255
4294967278,485
4294967278,254
4294967278,359
4294967278,478
4294967278,253
319,5
4294967278,248
319,4
4294967278,246
319,3
319,2
319,1
4294967278,245
4294967278,244
4294967278,242
4294967278,240
4294967278,238
4294967294,468
4294967294,76
4294967278,234
317,4
4294967278,232
317,3
317,2
317,1
4294967278,454
0,7
4294967278,230
4294967294,82
4294967294,1
4294967294,902
4294967294,0
4294967294,903
4294967294,185
4294967278,229
4294967279,357
4294967278,490
4294967294,40
4294967294,41
4294967294,38
4294967294,37
4294967278,227
4294967294,393
4294967294,1417
4294967294,1418
4294967294,46
4294967294,45
4294967294,388
4294967294,389
4294967294,120
4294967294,423
4294967294,114
4294967294,2
4294967278,225
4294967278,223
4294967294,29
4294967294,469
4294967278,486
4294967294,418
4294967294,44
4294967294,1416
4294967294,43
4294967278,462
4294967279,539
4294967294,107
4294967294,91
4294967294,90
4294967294,87
4294967294,86
4294967294,85
4294967294,84
4294967294,950
4294967294,28
4294967294,949
4294967294,921
4294967294,920
4294967294,27
4294967294,53
4294967294,426
4294967294,51
4294967294,96
4294967294,94
4294967278,474
4294967294,9
4294967278,214
4294967294,8
4294967278,469
4294967278,317
4294967278,211
4294967278,210
4294967294,471
4294967278,315
4294967294,7
4294967278,208
4294967294,61
4294967294,83
4294967294,88
4294967294,11
4294967294,81
4294967278,207
4294967294,5
4294967278,132
4294967278,131
4294967278,130
4294967278,129
4294967278,128
